F1 Score: 0.8939839518150214
Precision: 0.8973790322580645
Recall: 0.8924731182795699
AUC-ROC: 0.992299478678994
