F1 Score: 0.7836464189405367
Precision: 0.7905417956656348
Recall: 0.788235294117647
AUC-ROC: 0.9418205476349323
