F1 Score: 0.9518846878927524
Precision: 0.9609118480086223
Recall: 0.956989247311828
AUC-ROC: 0.9955983665289448
