F1 Score: 0.7391920900864563
Precision: 0.7863397040299415
Recall: 0.7595628415300546
AUC-ROC: 0.9561484459166414
