F1 Score: 0.9753897327355717
Precision: 0.9755810900488897
Recall: 0.9755244755244755
AUC-ROC: 0.9995567565005096
