F1 Score: 0.8968390108329917
Precision: 0.9036889072568919
Recall: 0.9016393442622951
AUC-ROC: 0.9644052006204847
