F1 Score: 0.9012542441714951
Precision: 0.9113671274961597
Recall: 0.9032258064516129
AUC-ROC: 0.9843481892909571
