F1 Score: 0.9016282776363421
Precision: 0.9197214076246334
Recall: 0.9032258064516129
AUC-ROC: 0.9854021427781772
