F1 Score: 0.9967629365018051
Precision: 0.9968341072182354
Recall: 0.9967637540453075
AUC-ROC: 1.0
