F1 Score: 0.7845455889746548
Precision: 0.7869467787114847
Recall: 0.788235294117647
AUC-ROC: 0.9542738321161455
