F1 Score: 0.7589015016652093
Precision: 0.7767219274165506
Recall: 0.7810650887573964
AUC-ROC: 0.9372995871812975
