F1 Score: 0.993006993006993
Precision: 0.993006993006993
Recall: 0.993006993006993
AUC-ROC: 0.9997271208134821
