F1 Score: 0.9860452931283162
Precision: 0.9866395259751902
Recall: 0.986013986013986
AUC-ROC: 0.9993158761762544
