F1 Score: 0.7922018491929307
Precision: 0.7926157670275317
Recall: 0.8
AUC-ROC: 0.9405171365131819
