F1 Score: 0.8149688718932911
Precision: 0.8130019224781322
Recall: 0.825136612021858
AUC-ROC: 0.9354766038836354
