F1 Score: 0.8929183660857742
Precision: 0.898678357855221
Recall: 0.8924731182795699
AUC-ROC: 0.9896092502338023
