F1 Score: 0.8114765664938676
Precision: 0.8290431962258588
Recall: 0.8117647058823529
AUC-ROC: 0.9248308341836365
