F1 Score: 0.8446659692032511
Precision: 0.8567332309267792
Recall: 0.8387096774193549
AUC-ROC: 0.969624026140469
