F1 Score: 0.990289209710635
Precision: 0.9906445914044057
Recall: 0.9902912621359223
AUC-ROC: 0.9998414059734814
