F1 Score: 0.7168827541490541
Precision: 0.7419404125286478
Recall: 0.7058823529411765
AUC-ROC: 0.921082476058556
