F1 Score: 0.9791431590126369
Precision: 0.9799193055007008
Recall: 0.9790209790209791
AUC-ROC: 0.9998571902628647
