F1 Score: 0.9242734143680849
Precision: 0.9289903644742354
Recall: 0.9247311827956989
AUC-ROC: 0.9930639034280249
