F1 Score: 0.8203957729157142
Precision: 0.8197225760211091
Recall: 0.8469945355191257
AUC-ROC: 0.9737368388884038
