F1 Score: 0.9706933952170618
Precision: 0.9716626761736873
Recall: 0.970873786407767
AUC-ROC: 0.9996002250719231
