F1 Score: 0.9709044170376611
Precision: 0.9712157355506037
Recall: 0.970873786407767
AUC-ROC: 0.9988769092542678
