F1 Score: 0.6687222175088612
Precision: 0.7057429849306344
Recall: 0.7100591715976331
AUC-ROC: 0.9155344666908828
