F1 Score: 0.7718648871313232
Precision: 0.7719600660777133
Recall: 0.7764705882352941
AUC-ROC: 0.9441210368957373
