F1 Score: 0.9790010495325426
Precision: 0.9801963770495238
Recall: 0.9790209790209791
AUC-ROC: 0.9998850411244637
