F1 Score: 0.9721069209339364
Precision: 0.9726811649888574
Recall: 0.972027972027972
AUC-ROC: 0.9985861243452084
