F1 Score: 0.8668962748514766
Precision: 0.8703020993343573
Recall: 0.8709677419354839
AUC-ROC: 0.9882400753911517
