F1 Score: 0.9582343682175241
Precision: 0.9595568935334406
Recall: 0.9581589958158996
AUC-ROC: 0.9990840238534439
