F1 Score: 0.8838383838383839
Precision: 0.8897628758585376
Recall: 0.8817204301075269
AUC-ROC: 0.9925169480716522
