F1 Score: 0.035948760719402915
Precision: 0.020551127194483838
Recall: 0.14335664335664336
AUC-ROC: 0.5
