F1 Score: 0.9773707619851215
Precision: 0.9780374838332556
Recall: 0.9773462783171522
AUC-ROC: 0.9995612005045967
