F1 Score: 0.99029044459242
Precision: 0.9903616153088504
Recall: 0.9902912621359223
AUC-ROC: 0.9999514461778612
