F1 Score: 0.7978661247432182
Precision: 0.795769920695168
Recall: 0.8142076502732241
AUC-ROC: 0.9513098211666199
