F1 Score: 0.7950839225545884
Precision: 0.8057891658151554
Recall: 0.8087431693989071
AUC-ROC: 0.9645906219486561
