F1 Score: 0.986055072400454
Precision: 0.9862637362637362
Recall: 0.986013986013986
AUC-ROC: 0.9995404607836166
