F1 Score: 0.9894652034712277
Precision: 0.989762270250075
Recall: 0.9895104895104895
AUC-ROC: 0.9997137879542061
