F1 Score: 0.948173873544048
Precision: 0.9576164874551971
Recall: 0.946236559139785
AUC-ROC: 0.9968109353496599
