F1 Score: 0.9935262725894791
Precision: 0.9936697778403139
Recall: 0.9935275080906149
AUC-ROC: 0.9999389673917977
