F1 Score: 0.9894668027198147
Precision: 0.989506327006327
Recall: 0.9895104895104895
AUC-ROC: 0.9992563227381545
