F1 Score: 0.7711476355247981
Precision: 0.773389355742297
Recall: 0.7764705882352941
AUC-ROC: 0.9571545869267617
