F1 Score: 0.9039182144020853
Precision: 0.908276311502118
Recall: 0.9032258064516129
AUC-ROC: 0.9890142151376982
