F1 Score: 0.7414450231734776
Precision: 0.7476105137395459
Recall: 0.7634408602150538
AUC-ROC: 0.9502097623144982
