F1 Score: 0.5654876302916217
Precision: 0.5818035501429603
Recall: 0.5956284153005464
AUC-ROC: 0.8479181279888378
