F1 Score: 0.9806676017189732
Precision: 0.9817111742215764
Recall: 0.9805825242718447
AUC-ROC: 0.99962200622578
