BATCH_SIZE: 16
l2_reg: 0.0036697392104079254
units: 96
l2_reg_2: 0.005796147260780683
dropout_rate: 0.3
TRAIN_DROPOUT: 0.30000000000000004
TRAIN_LR: 0.0005952314995815672
BATCH_SIZE: 32
l2_reg_fine_tuning: 2.644312501283834e-05
units_ft: 96
l2_reg_FT: 0.0015148415337402407
dropout_rate_FT: 0.4
FT_DROPOUT: 0.2
FT_LR: 0.00028355526838016846
