BATCH_SIZE: 32
l2_reg: 0.00023654701344491885
units: 32
l2_reg_2: 0.0008885254224453041
dropout_rate: 0.6000000000000001
TRAIN_DROPOUT: 0.2
TRAIN_LR: 0.0013138387089556345
BATCH_SIZE_FT: 32
l2_reg_fine_tuning: 0.00014525853640695105
units_ft: 96
l2_reg_FT: 0.0006451639837422552
dropout_rate_FT: 0.6000000000000001
FT_DROPOUT: 0.2
FT_LR: 0.0011942003110814242
