F1 Score: 0.8229086625895293
Precision: 0.8318891491022637
Recall: 0.8360655737704918
AUC-ROC: 0.9412228398034124
