F1 Score: 0.8796966353256799
Precision: 0.8978562421185373
Recall: 0.8852459016393442
AUC-ROC: 0.9671905000650293
