F1 Score: 0.9710425845894196
Precision: 0.9730363545234584
Recall: 0.970873786407767
AUC-ROC: 0.9994366395309792
