F1 Score: 0.807045542793528
Precision: 0.8202290878520386
Recall: 0.825136612021858
AUC-ROC: 0.9363614086981678
