F1 Score: 0.9549418089624284
Precision: 0.9571971295905446
Recall: 0.9546925566343042
AUC-ROC: 0.999229491682322
