F1 Score: 0.7736562860438292
Precision: 0.7788795518207283
Recall: 0.7764705882352941
AUC-ROC: 0.9389297677112802
