F1 Score: 0.993006993006993
Precision: 0.9930922735800783
Recall: 0.993006993006993
AUC-ROC: 0.9999857782834388
