F1 Score: 0.9014564468819195
Precision: 0.9207832595403752
Recall: 0.9032258064516129
AUC-ROC: 0.9949020545162955
