F1 Score: 0.7601301828321114
Precision: 0.7654402301461125
Recall: 0.7647058823529411
AUC-ROC: 0.9326742888429047
