F1 Score: 0.9935266721753483
Precision: 0.9936713412441567
Recall: 0.9935275080906149
AUC-ROC: 1.0
