F1 Score: 0.8841146386728435
Precision: 0.889287459851976
Recall: 0.8817204301075269
AUC-ROC: 0.9911700466631219
