F1 Score: 0.9965029764226552
Precision: 0.9965867465867466
Recall: 0.9965034965034965
AUC-ROC: 1.0
