F1 Score: 0.9902870996353607
Precision: 0.9906430280005627
Recall: 0.9902912621359223
AUC-ROC: 0.9997306851080436
