F1 Score: 0.9838175163536372
Precision: 0.98395925842302
Recall: 0.9838187702265372
AUC-ROC: 0.999754962019113
