F1 Score: 0.7717525288081639
Precision: 0.7661911394794712
Recall: 0.7868852459016393
AUC-ROC: 0.946228075077293
