F1 Score: 0.9870182359094988
Precision: 0.9871252982903468
Recall: 0.9870550161812298
AUC-ROC: 0.9998048771633677
