F1 Score: 0.8245333796642684
Precision: 0.824770959865108
Recall: 0.8415300546448088
AUC-ROC: 0.9503016612392562
