F1 Score: 0.9484516379677669
Precision: 0.9583333333333334
Recall: 0.946236559139785
AUC-ROC: 0.9951527618058018
