F1 Score: 0.03432150671414475
Precision: 0.019560858721697886
Recall: 0.13986013986013987
AUC-ROC: 0.5455237147123658
