F1 Score: 0.7576766973194397
Precision: 0.7502060288945536
Recall: 0.7923497267759563
AUC-ROC: 0.9330029552586533
