F1 Score: 0.9806454892019132
Precision: 0.9812018132111772
Recall: 0.9805825242718447
AUC-ROC: 0.9995999981849037
