F1 Score: 0.7808411510675266
Precision: 0.7855522749640396
Recall: 0.788235294117647
AUC-ROC: 0.9512050398110704
