F1 Score: 0.9860545259864053
Precision: 0.9862637362637362
Recall: 0.986013986013986
AUC-ROC: 0.9998571902628647
