BATCH_SIZE: 64
l2_reg: 0.00022730764208607815
units: 96
l2_reg_2: 0.0003488053860868134
dropout_rate: 0.5
TRAIN_DROPOUT: 0.4
TRAIN_LR: 0.0005556485225621942
BATCH_SIZE_FT: 32
l2_reg_fine_tuning: 0.00010803003801800852
units_ft: 64
l2_reg_FT: 0.00011725357305996866
dropout_rate_FT: 0.4
FT_DROPOUT: 0.2
FT_LR: 0.0006499312231259051
