F1 Score: 0.9860065419997457
Precision: 0.9865057423196957
Recall: 0.986013986013986
AUC-ROC: 0.9988998909668396
