l2_reg: 0.00015108431109489207
units: 128
l2_reg_2: 0.000354361690550147
dropout_rate: 0.3
TRAIN_DROPOUT: 0.2
TRAIN_LR: 0.0010771046673067758
l2_reg_fine_tuning: 0.00018571113987142848
units_ft: 128
l2_reg_FT: 0.0006291423137121667
dropout_rate_FT: 0.4
FT_DROPOUT: 0.2
FT_LR: 0.00025275228701974957
