l2_reg_1: 0.00020770137026701493
units: 128
l2_reg_2: 9.232686891153411e-05
dropout_rate: 0.4
TRAIN_DROPOUT: 0.4
TRAIN_LR: 0.004751604638553115
l2_reg_FT_1: 5.661433027283268e-05
units_ft: 64
l2_reg_FT_2: 6.447470338988505e-06
dropout_rate_FT: 0.5
FT_LR: 0.009204993086200026
