l2_reg: 0.00049224324415334
units: 64
l2_reg_2: 9.91367391083429e-05
dropout_rate: 0.3
TRAIN_DROPOUT: 0.30000000000000004
TRAIN_LR: 0.0009441488408008199
l2_reg_fine_tuning: 3.1315383224354764e-05
units_ft: 128
l2_reg_FT: 1.3659713044982955e-05
dropout_rate_FT: 0.4
FT_DROPOUT: 0.30000000000000004
FT_LR: 0.0009851950602957856
