l2_reg_1: 0.00020770137026701493
units: 128
l2_reg_2: 9.232686891153411e-05
dropout_rate: 0.4
TRAIN_DROPOUT: 0.4
TRAIN_LR: 0.004751604638553115
l2_reg_FT_1: 0.0001544502838339863
units_ft: 32
l2_reg_FT_2: 0.0003563283525208779
dropout_rate_FT: 0.3
FT_LR: 0.0027228431757611842
