l2_reg: 0.004985033894311828
units: 96
l2_reg_2: 1.7142344276094022e-05
dropout_rate: 0.3
TRAIN_DROPOUT: 0.30000000000000004
TRAIN_LR: 0.002044419395564206
l2_reg_fine_tuning: 0.0001943322927291926
units_ft: 96
l2_reg_FT: 0.0001772217192840742
dropout_rate_FT: 0.4
FT_DROPOUT: 0.2
FT_LR: 0.0023708176505699043
