l2_reg: 1.6985948237540745e-05
units: 32
l2_reg_2: 0.0004972285881340489
dropout_rate: 0.4
TRAIN_DROPOUT: 0.2
TRAIN_LR: 0.001201687537647584
l2_reg_fine_tuning: 5.5690442297857e-05
units_ft: 64
l2_reg_FT: 0.003554856909930468
dropout_rate_FT: 0.3
FT_DROPOUT: 0.2
FT_LR: 0.0022408917000666436
