l2_reg: 0.0004225595675858855
units: 64
l2_reg_2: 0.00378344092359698
dropout_rate: 0.3
TRAIN_DROPOUT: 0.2
TRAIN_LR: 0.0011188068573940516
l2_reg_fine_tuning: 5.041733339493612e-05
units_ft: 96
l2_reg_FT: 9.605274339512703e-05
dropout_rate_FT: 0.6000000000000001
FT_DROPOUT: 0.2
FT_LR: 0.0016331675317268984
