F1 Score: 0.914143834166081
Precision: 0.926754595052704
Recall: 0.9139784946236559
AUC-ROC: 0.9912389291454584
