F1 Score: 0.7534084856936848
Precision: 0.7485821535821535
Recall: 0.7647058823529411
AUC-ROC: 0.9494616608864404
