F1 Score: 0.768114194258231
Precision: 0.7639301654257076
Recall: 0.7978142076502732
AUC-ROC: 0.9281278877902814
