F1 Score: 0.7638666188449216
Precision: 0.7628755384736705
Recall: 0.7868852459016393
AUC-ROC: 0.9435730119670883
