F1 Score: 0.9895536562203229
Precision: 0.9896810506566605
Recall: 0.9895104895104895
AUC-ROC: 0.9998995591267866
