F1 Score: 0.7583065173045191
Precision: 0.7593011078305196
Recall: 0.7647058823529411
AUC-ROC: 0.9448660377355386
