BATCH_SIZE: 64
l2_reg: 0.00016312670104952942
units: 128
l2_reg_2: 0.005065518690939434
dropout_rate: 0.4
TRAIN_DROPOUT: 0.2
TRAIN_LR: 0.003379049798073537
BATCH_SIZE_FT: 64
l2_reg_fine_tuning: 1.1679639634996247e-05
units_ft: 96
l2_reg_FT: 1.8950948197994473e-05
dropout_rate_FT: 0.3
FT_DROPOUT: 0.30000000000000004
FT_LR: 0.0012486525552167515
