BATCH_SIZE: 16
l2_reg: 0.0013803585071126567
units: 64
l2_reg_2: 0.007666450497120294
dropout_rate: 0.5
TRAIN_DROPOUT: 0.2
TRAIN_LR: 0.0006263130573774603
BATCH_SIZE_FT: 32
l2_reg_fine_tuning: 0.0002814045981054461
units_ft: 64
l2_reg_FT: 0.003696733690881373
dropout_rate_FT: 0.5
FT_DROPOUT: 0.2
FT_LR: 0.0004830831707540212
