BATCH_SIZE: 64
l2_reg: 0.0007738507986907102
units: 96
l2_reg_2: 0.006197896114837834
dropout_rate: 0.6000000000000001
TRAIN_DROPOUT: 0.30000000000000004
TRAIN_LR: 0.0011544525807905374
BATCH_SIZE_FT: 16
l2_reg_fine_tuning: 1.4335310600087097e-05
units_ft: 64
l2_reg_FT: 0.00016516793913077892
dropout_rate_FT: 0.6000000000000001
FT_DROPOUT: 0.2
FT_LR: 0.0005296994219666065
