BATCH_SIZE: 16
l2_reg: 0.0069635661455149595
units: 96
l2_reg_2: 0.0003835560429195247
dropout_rate: 0.6000000000000001
TRAIN_DROPOUT: 0.30000000000000004
TRAIN_LR: 0.0005138163403021559
BATCH_SIZE_FT: 32
l2_reg_fine_tuning: 8.545514697313623e-05
units_ft: 32
l2_reg_FT: 0.00017616964924919033
dropout_rate_FT: 0.4
FT_DROPOUT: 0.2
FT_LR: 0.0008775363154103791
