l2_reg: 5.1352281947917764e-05
units: 64
l2_reg_2: 0.0026970145809465584
dropout_rate: 0.3
TRAIN_DROPOUT: 0.30000000000000004
TRAIN_LR: 0.0016353834910664364
l2_reg_fine_tuning: 0.0005392439970377363
units_ft: 96
l2_reg_FT: 0.00010624590302985826
dropout_rate_FT: 0.5
FT_DROPOUT: 0.2
FT_LR: 0.0005250900084344522
