BATCH_SIZE: 16
l2_reg: 3.1225822020055106e-05
units: 128
l2_reg_2: 0.002148176335766981
dropout_rate: 0.6000000000000001
TRAIN_DROPOUT: 0.30000000000000004
TRAIN_LR: 0.0009878314341240696
BATCH_SIZE_FT: 32
l2_reg_fine_tuning: 6.658319944047341e-05
units_ft: 64
l2_reg_FT: 0.00032804641164861035
dropout_rate_FT: 0.5
FT_DROPOUT: 0.2
FT_LR: 0.0005451370367260688
