F1 Score: 0.9895500264698577
Precision: 0.9898357456496991
Recall: 0.9895104895104895
AUC-ROC: 0.9998853374102253
