F1 Score: 0.7742241307178332
Precision: 0.7783242258652094
Recall: 0.7978142076502732
AUC-ROC: 0.9607277098590176
