F1 Score: 0.9860956387060805
Precision: 0.986658399739795
Recall: 0.986013986013986
AUC-ROC: 0.9998998554125483
