F1 Score: 0.9331305365695234
Precision: 0.9346332972621413
Recall: 0.9330543933054394
AUC-ROC: 0.9969295035087206
