F1 Score: 0.8170864021541141
Precision: 0.8099984240598417
Recall: 0.8415300546448088
AUC-ROC: 0.9647091365727104
