F1 Score: 0.8926698749279395
Precision: 0.9012379145206469
Recall: 0.8924731182795699
AUC-ROC: 0.9842971933725614
