F1 Score: 0.9859702992233113
Precision: 0.9860098235098236
Recall: 0.986013986013986
AUC-ROC: 0.999669641375714
