F1 Score: 0.7966313868229894
Precision: 0.8072376177237459
Recall: 0.8087431693989071
AUC-ROC: 0.9571721737302618
