l2_reg: 4.425913904207909e-05
units: 32
l2_reg_2: 3.285358471813626e-05
dropout_rate: 0.4
TRAIN_DROPOUT: 0.30000000000000004
TRAIN_LR: 0.0025456070409146793
l2_reg_fine_tuning: 0.00041651428185674215
units_ft: 32
l2_reg_FT: 0.00010782943912656106
dropout_rate_FT: 0.3
FT_DROPOUT: 0.2
FT_LR: 0.0011363871072843398
