l2_reg: 0.0010260144072139943
units: 128
l2_reg_2: 0.0009085430167602351
dropout_rate: 0.3
TRAIN_DROPOUT: 0.2
TRAIN_LR: 0.0012107327077037937
l2_reg_fine_tuning: 3.460390954656166e-05
units_ft: 64
l2_reg_FT: 0.004320857486823078
dropout_rate_FT: 0.4
FT_DROPOUT: 0.30000000000000004
FT_LR: 0.0010544748489374214
