BATCH_SIZE: 64
l2_reg: 0.003735801816240572
units: 96
l2_reg_2: 0.0070896054671929455
dropout_rate: 0.3
TRAIN_DROPOUT: 0.4
TRAIN_LR: 0.0008725920375456185
BATCH_SIZE_FT: 32
l2_reg_fine_tuning: 1.8500415085015515e-05
units_ft: 128
l2_reg_FT: 0.0030378005224189425
dropout_rate_FT: 0.4
FT_DROPOUT: 0.2
FT_LR: 0.000969266465402293
