l2_reg: 0.00010570884819578145
units: 128
l2_reg_2: 0.00010253623228449167
dropout_rate: 0.4
TRAIN_DROPOUT: 0.2
TRAIN_LR: 0.002629774817653709
l2_reg_fine_tuning: 0.0016021423443110376
units_ft: 128
l2_reg_FT: 0.00125003485633568
dropout_rate_FT: 0.4
FT_DROPOUT: 0.2
FT_LR: 0.002607056906721877
