BATCH_SIZE: 16
l2_reg: 0.000123825736482858
units: 96
l2_reg_2: 5.411810412801679e-05
dropout_rate: 0.3
TRAIN_DROPOUT: 0.4
TRAIN_LR: 0.0015249233515192632
BATCH_SIZE_FT: 64
l2_reg_fine_tuning: 8.161401212719939e-05
units_ft: 96
l2_reg_FT: 0.0014313431209951192
dropout_rate_FT: 0.3
FT_DROPOUT: 0.2
FT_LR: 0.0007718121201725253
