l2_reg: 0.003395824256029711
units: 128
l2_reg_2: 0.002041815932890653
dropout_rate: 0.3
TRAIN_DROPOUT: 0.30000000000000004
TRAIN_LR: 0.002483502912802377
l2_reg_fine_tuning: 0.00023540551677279578
units_ft: 96
l2_reg_FT: 1.9218661217027252e-05
dropout_rate_FT: 0.3
FT_DROPOUT: 0.2
FT_LR: 0.0005474312018433091
