l2_reg: 0.002305860609391414
units: 96
l2_reg_2: 0.0007542559908664483
dropout_rate: 0.3
TRAIN_DROPOUT: 0.4
TRAIN_LR: 0.0020779711721873807
l2_reg_fine_tuning: 0.00872873469047658
units_ft: 96
l2_reg_FT: 0.008241265636193103
dropout_rate_FT: 0.5
FT_DROPOUT: 0.2
FT_LR: 0.0015369896665121904
