F1 Score: 0.7663860929256587
Precision: 0.7680405868641164
Recall: 0.7764705882352941
AUC-ROC: 0.9455253588449574
