F1 Score: 0.980555305105477
Precision: 0.9817331895001797
Recall: 0.9805825242718447
AUC-ROC: 0.9997930790383621
