F1 Score: 0.8292833994977065
Precision: 0.8359626654388749
Recall: 0.8415300546448088
AUC-ROC: 0.9494262908195571
