F1 Score: 0.6293124114634413
Precision: 0.6035799494623025
Recall: 0.6705882352941176
AUC-ROC: 0.9227634718200404
