F1 Score: 0.6963935623813277
Precision: 0.7844892737200428
Recall: 0.727810650887574
AUC-ROC: 0.944150331158947
