F1 Score: 0.9540819673300827
Precision: 0.9546716417009304
Recall: 0.9539748953974896
AUC-ROC: 0.9971915595506494
