F1 Score: 0.7424705445165803
Precision: 0.7407467867529787
Recall: 0.7529411764705882
AUC-ROC: 0.9383553822175765
