F1 Score: 0.8268456133460637
Precision: 0.8402212166918049
Recall: 0.8352941176470589
AUC-ROC: 0.944099050562224
