F1 Score: 0.758997280071449
Precision: 0.7758379906986718
Recall: 0.7647058823529411
AUC-ROC: 0.9395394315685962
