F1 Score: 0.9838187702265372
Precision: 0.9838187702265372
Recall: 0.9838187702265372
AUC-ROC: 0.9996583081488744
